7 , 16, 39.711571
7 , 16, 39.386520
7 , 32, 60.657795
7 , 48, 92.495523
7 , 96, 183.310495
7 , 144, 279.531426
7 , 240, 441.313945
7 , 384, 732.837265
7 , 608, 1173.353793
7 , 976, 1729.435458
7 , 1536, 2433.774776
7 , 2432, 3927.444366
7 , 3840, 5702.175664
7 , 6064, 7541.856429
7 , 9568, 8235.900305
7 , 15120, 9753.390921
7 , 23872, 10507.170195
7 , 37696, 10911.083338
7 , 59536, 10636.281139
7 , 94016, 8530.345750
7 , 148448, 8536.455236
7 , 234400, 8626.571760
7 , 370112, 8668.926777
7 , 584400, 8512.385074
7 , 922752, 4583.460159
7 , 1457008, 2183.397873
7 , 2300560, 2007.251086
7 , 3632528, 1939.866889
7 , 5735664, 1936.067296
7 , 9056432, 2032.627706
7 , 14299840, 2034.277539
7 , 22579008, 1984.074491
7 , 35651584, 1939.931811
