1 , 16, 669.950414
1 , 16, 668.801104
1 , 32, 1104.146022
1 , 48, 1483.985642
1 , 96, 2333.313337
1 , 144, 2952.582898
1 , 240, 3773.271380
1 , 384, 4242.184882
1 , 608, 4686.406991
1 , 976, 2987.903164
1 , 1536, 1675.629146
1 , 2432, 2082.765219
1 , 3840, 1877.628091
1 , 6064, 1931.278723
1 , 9568, 1721.838019
1 , 15120, 1121.865843
1 , 23872, 1270.873404
1 , 37696, 1274.413525
1 , 59536, 1270.815193
1 , 94016, 1265.709941
1 , 148448, 1260.862946
1 , 234400, 1263.872709
1 , 370112, 1269.730621
1 , 584400, 1222.424067
1 , 922752, 904.388519
1 , 1457008, 596.183704
1 , 2300560, 617.739666
1 , 3632528, 605.967903
1 , 5735664, 576.600793
1 , 9056432, 606.450865
1 , 14299840, 606.886157
1 , 22579008, 597.122771
1 , 35651584, 549.145092
