2 , 16, 77.545930
2 , 16, 81.646587
2 , 32, 161.330338
2 , 48, 232.693692
2 , 96, 504.165590
2 , 144, 669.310183
2 , 240, 1104.276119
2 , 384, 1730.517255
2 , 608, 2412.837136
2 , 976, 3610.954601
2 , 1536, 3062.628728
2 , 2432, 3047.717276
2 , 3840, 3239.594511
2 , 6064, 3656.933682
2 , 9568, 3782.183133
2 , 15120, 3330.571812
2 , 23872, 2642.694885
2 , 37696, 2504.345005
2 , 59536, 2513.795592
2 , 94016, 2522.693997
2 , 148448, 2515.964245
2 , 234400, 2523.955771
2 , 370112, 2527.204061
2 , 584400, 2484.335576
2 , 922752, 1732.002831
2 , 1457008, 1110.292104
2 , 2300560, 1123.080916
2 , 3632528, 1131.321191
2 , 5735664, 1087.935894
2 , 9056432, 1132.011644
2 , 14299840, 1126.903252
2 , 22579008, 1104.243363
2 , 35651584, 1033.911466
