4 , 16, 48.701328
4 , 16, 46.276594
4 , 32, 95.267211
4 , 48, 137.494273
4 , 96, 267.556339
4 , 144, 385.636161
4 , 240, 639.612743
4 , 384, 1144.109555
4 , 608, 1615.836502
4 , 976, 2410.175360
4 , 1536, 3276.641542
4 , 2432, 5304.085513
4 , 3840, 5111.679577
4 , 6064, 5444.389154
4 , 9568, 6494.314614
4 , 15120, 6847.424655
4 , 23872, 6634.131082
4 , 37696, 5680.012882
4 , 59536, 4962.842231
4 , 94016, 4963.896975
4 , 148448, 4990.709083
4 , 234400, 4994.191374
4 , 370112, 5013.258156
4 , 584400, 4926.240967
4 , 922752, 3119.565550
4 , 1457008, 1830.160441
4 , 2300560, 1812.746198
4 , 3632528, 1834.552123
4 , 5735664, 1782.475024
4 , 9056432, 1834.607275
4 , 14299840, 1828.579847
4 , 22579008, 1731.553817
4 , 35651584, 1676.676792
