8 , 16, 39.244533
8 , 16, 37.893696
8 , 32, 58.981731
8 , 48, 86.453753
8 , 96, 165.056468
8 , 144, 255.766055
8 , 240, 400.699091
8 , 384, 696.950256
8 , 608, 1034.776808
8 , 976, 1612.400305
8 , 1536, 2543.046446
8 , 2432, 3985.014208
8 , 3840, 5625.156913
8 , 6064, 8031.326390
8 , 9568, 8357.811086
8 , 15120, 10261.741130
8 , 23872, 11230.509103
8 , 37696, 12503.768074
8 , 59536, 12011.458001
8 , 94016, 9948.125198
8 , 148448, 9713.052035
8 , 234400, 9801.071476
8 , 370112, 9826.018834
8 , 584400, 9582.321376
8 , 922752, 4303.656209
8 , 1457008, 2073.399512
8 , 2300560, 2063.224148
8 , 3632528, 2060.353352
8 , 5735664, 2039.811158
8 , 9056432, 2063.731501
8 , 14299840, 2027.032888
8 , 22579008, 2005.786796
8 , 35651584, 1910.114870
