9 , 16, 35.795254
9 , 16, 33.583129
9 , 32, 56.560513
9 , 48, 77.655524
9 , 96, 149.314935
9 , 144, 250.044495
9 , 240, 382.071153
9 , 384, 585.561204
9 , 608, 938.676773
9 , 976, 1587.646114
9 , 1536, 2264.769393
9 , 2432, 3665.003596
9 , 3840, 5342.067796
9 , 6064, 7745.594248
9 , 9568, 8667.243862
9 , 15120, 9517.030762
9 , 23872, 11916.725648
9 , 37696, 13391.176255
9 , 59536, 13916.046112
9 , 94016, 12299.359068
9 , 148448, 10728.104645
9 , 234400, 10911.252318
9 , 370112, 11005.049939
9 , 584400, 10872.157460
9 , 922752, 5100.748360
9 , 1457008, 2194.546393
9 , 2300560, 2002.473691
9 , 3632528, 2069.321162
9 , 5735664, 2054.183308
9 , 9056432, 2062.072035
9 , 14299840, 2029.424864
9 , 22579008, 2045.373535
9 , 35651584, 1948.999572
