32 512 1 64 76669.249389
32 512 1 64 76763.667434
64 1024 1 64 223289.002628
96 1536 1 64 160178.294601
160 2560 1 64 208174.228632
256 4096 1 64 289004.909309
416 6656 1 64 217972.632441
672 10752 1 64 291937.819640
1024 16384 1 64 302324.122075
1600 25600 1 64 261882.864882
2464 39424 1 64 65230.664514
3808 60928 1 64 66905.940101
5920 94720 1 64 66285.132164
9152 146432 1 64 66173.114224
14144 226304 1 64 68077.966802
21856 349696 1 64 69820.809276
33760 540160 1 64 70260.855471
52160 834560 1 64 62074.118637
80608 1289728 1 64 32532.107737
124576 1993216 1 64 24563.782510
192512 3080192 1 64 24137.490203
297472 4759552 1 64 24181.498794
459616 7353856 1 64 24175.874331
710176 11362816 1 64 23690.877379
1097344 17557504 1 64 20919.722549
1695552 27128832 1 64 17952.850427
2619840 41917440 1 64 15658.553758
4048032 64768512 1 64 15021.950410
6254784 100076544 1 64 14371.573615
9664480 154631680 1 64 14140.435262
14932928 238926848 1 64 14076.862400
23073408 369174528 1 64 13466.659705
35651584 570425344 1 64 13239.907264
32 768 2 64 108304.733399
32 768 2 64 108324.705409
64 1536 2 64 263171.854005
96 2304 2 64 212445.914255
160 3840 2 64 266987.036424
256 6144 2 64 294776.376895
416 9984 2 64 227354.128088
672 16128 2 64 266368.100172
1024 24576 2 64 303872.945034
1600 38400 2 64 81783.546354
2464 59136 2 64 77863.810040
3808 91392 2 64 79068.368807
5920 142080 2 64 76745.990266
9152 219648 2 64 80214.248520
14144 339456 2 64 75631.094106
21856 524544 2 64 80340.717110
33760 810240 2 64 72725.177806
52160 1251840 2 64 32374.503523
80608 1934592 2 64 24920.847743
124576 2989824 2 64 24172.755665
192512 4620288 2 64 24178.369650
297472 7139328 2 64 23719.342700
459616 11030784 2 64 23683.075889
710176 17044224 2 64 22478.031394
1097344 26336256 2 64 18912.823055
1695552 40693248 2 64 17036.706957
2619840 62876160 2 64 15577.155499
4048032 97152768 2 64 15036.535904
6254784 150114816 2 64 14274.893153
9664480 231947520 2 64 14501.687739
14932928 358390272 2 64 14206.072003
23073408 553761792 2 64 13612.633018
35651584 855638016 2 64 13431.461609
32 1024 3 64 116970.157553
32 1024 3 64 116965.410842
64 2048 3 64 272947.499746
96 3072 3 64 223312.068958
160 5120 3 64 269545.886568
256 8192 3 64 296698.141099
416 13312 3 64 249484.576943
672 21504 3 64 300193.754850
1024 32768 3 64 281095.607444
1600 51200 3 64 86958.999500
2464 78848 3 64 86460.158717
3808 121856 3 64 88646.614579
5920 189440 3 64 86425.849467
9152 292864 3 64 85449.361362
14144 452608 3 64 87447.276396
21856 699392 3 64 81047.014687
33760 1080320 3 64 53293.581648
52160 1669120 3 64 26066.714954
80608 2579456 3 64 24129.353900
124576 3986432 3 64 24180.653138
192512 6160384 3 64 24172.066964
297472 9519104 3 64 24068.071414
459616 14707712 3 64 23884.640587
710176 22725632 3 64 20293.153263
1097344 35115008 3 64 17346.769621
1695552 54257664 3 64 16214.290238
2619840 83834880 3 64 14831.639490
4048032 129537024 3 64 14814.715606
6254784 200153088 3 64 14415.314998
9664480 309263360 3 64 14554.420656
14932928 477853696 3 64 14066.192722
23073408 738349056 3 64 13588.323252
35651584 1140850688 3 64 13316.194450
32 1280 4 64 139365.608150
32 1280 4 64 139572.061641
64 2560 4 64 272532.091623
96 3840 4 64 233204.147407
160 6400 4 64 261663.759332
256 10240 4 64 297756.684410
416 16640 4 64 265109.559662
672 26880 4 64 299216.370204
1024 40960 4 64 107273.259748
1600 64000 4 64 91771.512865
2464 98560 4 64 91790.190473
3808 152320 4 64 91577.070161
5920 236800 4 64 84855.671331
9152 366080 4 64 90526.208749
14144 565760 4 64 92528.532128
21856 874240 4 64 85709.151290
33760 1350400 4 64 32183.447151
52160 2086400 4 64 24301.861393
80608 3224320 4 64 24135.462187
124576 4983040 4 64 24178.508703
192512 7700480 4 64 24106.227169
297472 11898880 4 64 24240.557342
459616 18384640 4 64 22877.556164
710176 28407040 4 64 19269.220334
1097344 43893760 4 64 16925.653684
1695552 67822080 4 64 16014.548299
2619840 104793600 4 64 14721.194199
4048032 161921280 4 64 14881.277067
6254784 250191360 4 64 14514.151856
9664480 386579200 4 64 14647.996575
14932928 597317120 4 64 13970.693762
23073408 922936320 4 64 13832.062169
35651584 1426063360 4 64 13430.506574
32 1536 5 64 144495.693402
32 1536 5 64 144498.977360
64 3072 5 64 265728.161160
96 4608 5 64 235141.489294
160 7680 5 64 243788.785695
256 12288 5 64 287649.707276
416 19968 5 64 253164.382755
672 32256 5 64 265869.891155
1024 49152 5 64 96740.821046
1600 76800 5 64 95003.029806
2464 118272 5 64 94823.719989
3808 182784 5 64 93177.707323
5920 284160 5 64 94762.371370
9152 439296 5 64 92649.417269
14144 678912 5 64 93501.380621
21856 1049088 5 64 76588.850277
33760 1620480 5 64 26038.548047
52160 2503680 5 64 24290.530933
80608 3869184 5 64 24177.536568
124576 5979648 5 64 24168.752001
192512 9240576 5 64 24161.354052
297472 14278656 5 64 24365.986097
459616 22061568 5 64 21252.508272
710176 34088448 5 64 18252.289544
1097344 52672512 5 64 16136.662707
1695552 81386496 5 64 15516.879244
2619840 125752320 5 64 14492.817800
4048032 194305536 5 64 14762.328473
6254784 300229632 5 64 14462.364491
9664480 463895040 5 64 14624.694014
14932928 716780544 5 64 14018.672798
23073408 1107523584 5 64 13799.354779
35651584 1711276032 5 64 13464.973617
32 1792 6 64 153525.699343
32 1792 6 64 153514.672145
64 3584 6 64 252155.686798
96 5376 6 64 194454.743010
160 8960 6 64 234897.349135
256 14336 6 64 275199.446476
416 23296 6 64 256004.946154
672 37632 6 64 129148.598082
1024 57344 6 64 96021.191208
1600 89600 6 64 97243.902627
2464 137984 6 64 95514.482168
3808 213248 6 64 96917.510148
5920 331520 6 64 97334.755754
9152 512512 6 64 96438.564030
14144 792064 6 64 81335.042246
21856 1223936 6 64 38473.682864
33760 1890560 6 64 25143.776202
52160 2920960 6 64 24175.521742
80608 4514048 6 64 24150.656945
124576 6976256 6 64 24122.338915
192512 10780672 6 64 24240.084468
297472 16658432 6 64 23945.689233
459616 25738496 6 64 20359.698929
710176 39769856 6 64 17785.914450
1097344 61451264 6 64 15973.554523
1695552 94950912 6 64 15355.830726
2619840 146711040 6 64 14383.275868
4048032 226689792 6 64 14627.754967
6254784 350267904 6 64 14373.291631
9664480 541210880 6 64 14695.048738
14932928 836243968 6 64 14065.769656
23073408 1292110848 6 64 13788.547079
35651584 1996488704 6 64 13542.211350
32 2048 7 64 158477.008494
32 2048 7 64 158480.145417
64 4096 7 64 247955.892377
96 6144 7 64 227604.442861
160 10240 7 64 239320.534288
256 16384 7 64 285743.266758
416 26624 7 64 265760.000163
672 43008 7 64 103336.005366
1024 65536 7 64 97671.176333
1600 102400 7 64 98361.936561
2464 157696 7 64 98260.763863
3808 243712 7 64 98042.466050
5920 378880 7 64 98883.554165
9152 585728 7 64 97065.954310
14144 905216 7 64 70362.854074
21856 1398784 7 64 32015.238475
33760 2160640 7 64 24382.553997
52160 3338240 7 64 24246.249372
80608 5158912 7 64 24175.004171
124576 7972864 7 64 24126.476154
192512 12320768 7 64 24504.647240
297472 19038208 7 64 23049.736922
459616 29415424 7 64 19420.525114
710176 45451264 7 64 17373.597953
1097344 70230016 7 64 15556.002728
1695552 108515328 7 64 15073.533108
2619840 167669760 7 64 14380.358381
4048032 259074048 7 64 14650.727687
6254784 400306176 7 64 14320.153651
9664480 618526720 7 64 14547.667016
14932928 955707392 7 64 14037.794581
23073408 1476698112 7 64 13829.591386
35651584 2281701376 7 64 13633.817620
32 2304 8 64 162560.697555
32 2304 8 64 162555.481948
64 4608 8 64 246473.587726
96 6912 8 64 218364.972334
160 11520 8 64 231215.212219
256 18432 8 64 277593.962509
416 29952 8 64 263602.923780
672 48384 8 64 98660.212678
1024 73728 8 64 99015.634766
1600 115200 8 64 99468.933187
2464 177408 8 64 100480.586568
3808 274176 8 64 99821.092734
5920 426240 8 64 99720.287964
9152 658944 8 64 98795.202038
14144 1018368 8 64 57597.361751
21856 1573632 8 64 26790.356689
33760 2430720 8 64 24182.470966
52160 3755520 8 64 24172.188631
80608 5803776 8 64 24167.679620
124576 8969472 8 64 24129.362487
192512 13860864 8 64 24640.180582
297472 21417984 8 64 21861.712943
459616 33092352 8 64 18743.890040
710176 51132672 8 64 16849.148846
1097344 79008768 8 64 15231.622350
1695552 122079744 8 64 14815.611137
2619840 188628480 8 64 14349.957729
4048032 291458304 8 64 14647.619981
6254784 450344448 8 64 14309.383269
9664480 695842560 8 64 14513.649778
14932928 1075170816 8 64 14074.665671
23073408 1661285376 8 64 13861.160142
35651584 2566914048 8 64 13734.234957
32 2560 9 64 165968.606420
32 2560 9 64 165967.077348
64 5120 9 64 234743.734543
96 7680 9 64 204369.387278
160 12800 9 64 221082.005318
256 20480 9 64 267539.115027
416 33280 9 64 215310.163475
672 53760 9 64 97665.574693
1024 81920 9 64 98792.830902
1600 128000 9 64 100860.336940
2464 197120 9 64 101119.046095
3808 304640 9 64 100446.227481
5920 473600 9 64 99310.965774
9152 732160 9 64 95913.537462
14144 1131520 9 64 47071.018244
21856 1748480 9 64 25190.917506
33760 2700800 9 64 24173.954042
52160 4172800 9 64 24145.849573
80608 6448640 9 64 24129.616671
124576 9966080 9 64 24208.373773
192512 15400960 9 64 24474.201256
297472 23797760 9 64 21130.396358
459616 36769280 9 64 18162.440391
710176 56814080 9 64 16676.632104
1097344 87787520 9 64 15003.943040
1695552 135644160 9 64 14566.102429
2619840 209587200 9 64 14262.610480
4048032 323842560 9 64 14664.800438
6254784 500382720 9 64 14308.285783
9664480 773158400 9 64 14488.799495
14932928 1194634240 9 64 14079.848855
23073408 1845872640 9 64 13909.696528
35651584 2852126720 9 64 13770.331726
32 2816 10 64 168540.722448
32 2816 10 64 168882.587126
64 5632 10 64 224698.411818
96 8448 10 64 209354.671433
160 14080 10 64 211912.704861
256 22528 10 64 258502.073675
416 36608 10 64 144175.003563
672 59136 10 64 97910.384259
1024 90112 10 64 100181.995205
1600 140800 10 64 100218.053730
2464 216832 10 64 101276.486452
3808 335104 10 64 101022.020128
5920 520960 10 64 99201.124462
9152 805376 10 64 94705.944160
14144 1244672 10 64 38007.799704
21856 1923328 10 64 25092.665237
33760 2970880 10 64 24192.649661
52160 4590080 10 64 24176.203628
80608 7093504 10 64 24104.512040
124576 10962688 10 64 24377.815995
192512 16941056 10 64 23968.756005
297472 26177536 10 64 20363.096559
459616 40446208 10 64 17765.975569
710176 62495488 10 64 16295.420284
1097344 96566272 10 64 14816.324287
1695552 149208576 10 64 14280.198453
2619840 230545920 10 64 14114.482602
4048032 356226816 10 64 14645.613876
6254784 550420992 10 64 14275.781380
9664480 850474240 10 64 14421.923922
14932928 1314097664 10 64 14089.636976
23073408 2030459904 10 64 13906.677886
35651584 3137339392 10 64 13726.905893
32 512 1 4096 75943.789641
32 512 1 4096 76612.351563
64 1024 1 4096 155004.235629
96 1536 1 4096 160201.323357
160 2560 1 4096 191890.361696
256 4096 1 4096 239175.881258
416 6656 1 4096 276688.138885
672 10752 1 4096 271582.815153
1024 16384 1 4096 302336.806887
1600 25600 1 4096 301675.548535
2464 39424 1 4096 71887.007104
3808 60928 1 4096 68739.502441
5920 94720 1 4096 69494.985602
9152 146432 1 4096 69994.299151
14144 226304 1 4096 70127.107110
21856 349696 1 4096 70191.159516
33760 540160 1 4096 69640.522149
52160 834560 1 4096 68459.603242
80608 1289728 1 4096 32361.484545
124576 1993216 1 4096 24317.787781
192512 3080192 1 4096 24138.238905
297472 4759552 1 4096 24176.465379
459616 7353856 1 4096 24173.394913
710176 11362816 1 4096 23607.220238
1097344 17557504 1 4096 20806.543376
1695552 27128832 1 4096 17612.209437
2619840 41917440 1 4096 15609.981175
4048032 64768512 1 4096 14960.345096
6254784 100076544 1 4096 14138.103237
9664480 154631680 1 4096 14218.496486
14932928 238926848 1 4096 14024.730160
23073408 369174528 1 4096 13431.615375
35651584 570425344 1 4096 13469.711508
32 768 2 4096 108271.101556
32 768 2 4096 108197.401591
64 1536 2 4096 181131.756943
96 2304 2 4096 179612.332590
160 3840 2 4096 266858.365685
256 6144 2 4096 294778.386715
416 9984 2 4096 293825.046117
672 16128 2 4096 298601.301771
1024 24576 2 4096 303880.206802
1600 38400 2 4096 87355.628513
2464 59136 2 4096 81168.554112
3808 91392 2 4096 81194.967248
5920 142080 2 4096 81557.559660
9152 219648 2 4096 82152.003244
14144 339456 2 4096 82361.904593
21856 524544 2 4096 82437.534917
33760 810240 2 4096 62134.690350
52160 1251840 2 4096 37166.012175
80608 1934592 2 4096 24312.517088
124576 2989824 2 4096 24131.055317
192512 4620288 2 4096 24179.106160
297472 7139328 2 4096 23541.644485
459616 11030784 2 4096 23117.924133
710176 17044224 2 4096 22154.359628
1097344 26336256 2 4096 18716.048402
1695552 40693248 2 4096 16812.125747
2619840 62876160 2 4096 15230.797195
4048032 97152768 2 4096 15083.358538
6254784 150114816 2 4096 14555.518943
9664480 231947520 2 4096 14477.948400
14932928 358390272 2 4096 14068.858625
23073408 553761792 2 4096 13533.454525
35651584 855638016 2 4096 13572.087235
32 1024 3 4096 116941.493282
32 1024 3 4096 116966.170290
64 2048 3 4096 176165.076633
96 3072 3 4096 213557.556280
160 5120 3 4096 269943.739381
256 8192 3 4096 297667.630716
416 13312 3 4096 296777.946269
672 21504 3 4096 299882.020746
1024 32768 3 4096 304316.548928
1600 51200 3 4096 88634.692376
2464 78848 3 4096 88908.104632
3808 121856 3 4096 89379.787404
5920 189440 3 4096 87412.094487
9152 292864 3 4096 89502.779903
14144 452608 3 4096 89432.674374
21856 699392 3 4096 85367.714048
33760 1080320 3 4096 47140.318651
52160 1669120 3 4096 25726.308017
80608 2579456 3 4096 24177.272752
124576 3986432 3 4096 24145.597742
192512 6160384 3 4096 24166.900625
297472 9519104 3 4096 24019.429966
459616 14707712 3 4096 23938.078485
710176 22725632 3 4096 20332.890777
1097344 35115008 3 4096 17254.747351
1695552 54257664 3 4096 16161.501801
2619840 83834880 3 4096 14863.279872
4048032 129537024 3 4096 15003.671967
6254784 200153088 3 4096 14498.748269
9664480 309263360 3 4096 14487.610094
14932928 477853696 3 4096 14001.314501
23073408 738349056 3 4096 13377.077812
35651584 1140850688 3 4096 13529.695888
32 1280 4 4096 139531.197549
32 1280 4 4096 139574.873278
64 2560 4 4096 180717.582702
96 3840 4 4096 232232.495193
160 6400 4 4096 261393.426704
256 10240 4 4096 297732.078616
416 16640 4 4096 295228.657939
672 26880 4 4096 195243.403312
1024 40960 4 4096 123312.303779
1600 64000 4 4096 91750.453320
2464 98560 4 4096 92237.077051
3808 152320 4 4096 92513.937579
5920 236800 4 4096 92450.527742
9152 366080 4 4096 92214.400030
14144 565760 4 4096 88686.473863
21856 874240 4 4096 45358.349497
33760 1350400 4 4096 32412.402023
52160 2086400 4 4096 24484.998542
80608 3224320 4 4096 24176.418028
124576 4983040 4 4096 24178.727227
192512 7700480 4 4096 24063.431583
297472 11898880 4 4096 24263.160312
459616 18384640 4 4096 22635.947261
710176 28407040 4 4096 19065.238554
1097344 43893760 4 4096 16746.364354
1695552 67822080 4 4096 15815.222012
2619840 104793600 4 4096 14704.787759
4048032 161921280 4 4096 14877.935556
6254784 250191360 4 4096 14484.551836
9664480 386579200 4 4096 14525.824956
14932928 597317120 4 4096 13903.532091
23073408 922936320 4 4096 13399.570082
35651584 1426063360 4 4096 13720.313558
32 1536 5 4096 144441.433126
32 1536 5 4096 144422.133250
64 3072 5 4096 183934.570025
96 4608 5 4096 229261.796606
160 7680 5 4096 243735.130639
256 12288 5 4096 287787.567015
416 19968 5 4096 276500.188858
672 32256 5 4096 158706.602581
1024 49152 5 4096 100269.947564
1600 76800 5 4096 93262.927660
2464 118272 5 4096 93801.711004
3808 182784 5 4096 94038.708592
5920 284160 5 4096 93133.066690
9152 439296 5 4096 93901.747978
14144 678912 5 4096 91698.364702
21856 1049088 5 4096 51775.539108
33760 1620480 5 4096 28033.006091
52160 2503680 5 4096 24185.798577
80608 3869184 5 4096 24177.360690
124576 5979648 5 4096 24169.707300
192512 9240576 5 4096 24105.940190
297472 14278656 5 4096 24346.678107
459616 22061568 5 4096 21240.655164
710176 34088448 5 4096 18208.270404
1097344 52672512 5 4096 16346.843715
1695552 81386496 5 4096 15798.524474
2619840 125752320 5 4096 14618.645172
4048032 194305536 5 4096 14802.682485
6254784 300229632 5 4096 14550.851644
9664480 463895040 5 4096 14568.192183
14932928 716780544 5 4096 13994.169876
23073408 1107523584 5 4096 13436.821526
35651584 1711276032 5 4096 13740.790619
32 1792 6 4096 140071.834481
32 1792 6 4096 140369.019679
64 3584 6 4096 201490.460128
96 5376 6 4096 213872.249980
160 8960 6 4096 209092.133884
256 14336 6 4096 277757.490300
416 23296 6 4096 263657.794231
672 37632 6 4096 148254.336186
1024 57344 6 4096 95167.534238
1600 89600 6 4096 93048.700224
2464 137984 6 4096 93407.000243
3808 213248 6 4096 93239.660586
5920 331520 6 4096 93403.199257
9152 512512 6 4096 90970.053276
14144 792064 6 4096 89397.972288
21856 1223936 6 4096 42590.160499
33760 1890560 6 4096 24560.969539
52160 2920960 6 4096 24178.969683
80608 4514048 6 4096 24152.672724
124576 6976256 6 4096 24116.475402
192512 10780672 6 4096 24256.440252
297472 16658432 6 4096 23937.613634
459616 25738496 6 4096 20273.372821
710176 39769856 6 4096 17623.837277
1097344 61451264 6 4096 16187.615378
1695552 94950912 6 4096 15645.796366
2619840 146711040 6 4096 14441.483326
4048032 226689792 6 4096 14900.082098
6254784 350267904 6 4096 14549.263523
9664480 541210880 6 4096 14616.160229
14932928 836243968 6 4096 13997.818671
23073408 1292110848 6 4096 13605.260088
35651584 1996488704 6 4096 13712.813750
32 2048 7 4096 147011.310901
32 2048 7 4096 147013.710390
64 4096 7 4096 238076.668923
96 6144 7 4096 228243.195251
160 10240 7 4096 247264.740771
256 16384 7 4096 273240.407402
416 26624 7 4096 265491.856394
672 43008 7 4096 146446.958389
1024 65536 7 4096 93934.460130
1600 102400 7 4096 93597.394572
2464 157696 7 4096 93959.219694
3808 243712 7 4096 94100.704666
5920 378880 7 4096 89945.970949
9152 585728 7 4096 89989.428820
14144 905216 7 4096 79931.088350
21856 1398784 7 4096 32577.018208
33760 2160640 7 4096 24361.431091
52160 3338240 7 4096 24181.760207
80608 5158912 7 4096 24192.530782
124576 7972864 7 4096 24142.193108
192512 12320768 7 4096 24522.362099
297472 19038208 7 4096 22859.309264
459616 29415424 7 4096 19140.748999
710176 45451264 7 4096 17079.725030
1097344 70230016 7 4096 15734.734828
1695552 108515328 7 4096 15296.624248
2619840 167669760 7 4096 14211.699285
4048032 259074048 7 4096 14662.317084
6254784 400306176 7 4096 14429.344969
9664480 618526720 7 4096 14491.939803
14932928 955707392 7 4096 13929.259018
23073408 1476698112 7 4096 13640.303470
35651584 2281701376 7 4096 13700.706797
32 2304 8 4096 134639.443558
32 2304 8 4096 135021.350121
64 4608 8 4096 198584.789277
96 6912 8 4096 189090.927374
160 11520 8 4096 207035.399000
256 18432 8 4096 238018.431076
416 29952 8 4096 224604.839404
672 48384 8 4096 133702.709674
1024 73728 8 4096 91867.908075
1600 115200 8 4096 91820.982294
2464 177408 8 4096 92067.777513
3808 274176 8 4096 92203.834742
5920 426240 8 4096 92027.553180
9152 658944 8 4096 90282.351127
14144 1018368 8 4096 62730.114812
21856 1573632 8 4096 27228.769659
33760 2430720 8 4096 24312.902090
52160 3755520 8 4096 24174.181141
80608 5803776 8 4096 24160.371214
124576 8969472 8 4096 24279.368809
192512 13860864 8 4096 24619.515307
297472 21417984 8 4096 21905.192318
459616 33092352 8 4096 18757.505293
710176 51132672 8 4096 16694.181073
1097344 79008768 8 4096 15772.061856
1695552 122079744 8 4096 15334.600394
2619840 188628480 8 4096 14242.429676
4048032 291458304 8 4096 14710.080972
6254784 450344448 8 4096 14454.610477
9664480 695842560 8 4096 14472.895857
14932928 1075170816 8 4096 14042.124738
23073408 1661285376 8 4096 13717.381345
35651584 2566914048 8 4096 13710.326609
32 2560 9 4096 126400.687838
32 2560 9 4096 126329.952099
64 5120 9 4096 183091.762471
96 7680 9 4096 178313.066528
160 12800 9 4096 187232.767457
256 20480 9 4096 198235.338563
416 33280 9 4096 190249.079592
672 53760 9 4096 125341.387878
1024 81920 9 4096 92794.203295
1600 128000 9 4096 92846.146266
2464 197120 9 4096 92478.726175
3808 304640 9 4096 93151.794395
5920 473600 9 4096 92675.218392
9152 732160 9 4096 92191.758290
14144 1131520 9 4096 46219.936039
21856 1748480 9 4096 25109.636104
33760 2700800 9 4096 24170.579170
52160 4172800 9 4096 24174.673885
80608 6448640 9 4096 24113.776532
124576 9966080 9 4096 24241.277730
192512 15400960 9 4096 24323.045499
297472 23797760 9 4096 21058.372393
459616 36769280 9 4096 18111.416121
710176 56814080 9 4096 16438.212699
1097344 87787520 9 4096 15509.822416
1695552 135644160 9 4096 15200.372516
2619840 209587200 9 4096 14141.096590
4048032 323842560 9 4096 14656.828987
6254784 500382720 9 4096 14347.165998
9664480 773158400 9 4096 14508.213484
14932928 1194634240 9 4096 14060.134021
23073408 1845872640 9 4096 13813.947135
35651584 2852126720 9 4096 13716.632280
32 2816 10 4096 126127.643288
32 2816 10 4096 126028.655347
64 5632 10 4096 166761.805045
96 8448 10 4096 165192.556941
160 14080 10 4096 156669.930074
256 22528 10 4096 177869.519045
416 36608 10 4096 171335.199190
672 59136 10 4096 118204.231127
1024 90112 10 4096 90520.149579
1600 140800 10 4096 91400.928816
2464 216832 10 4096 91110.257940
3808 335104 10 4096 91508.001256
5920 520960 10 4096 90449.628413
9152 805376 10 4096 78022.267312
14144 1244672 10 4096 40045.736737
21856 1923328 10 4096 24695.458474
33760 2970880 10 4096 24171.705549
52160 4590080 10 4096 24168.497592
80608 7093504 10 4096 24104.664610
124576 10962688 10 4096 24374.232002
192512 16941056 10 4096 24042.665887
297472 26177536 10 4096 20365.427686
459616 40446208 10 4096 17610.766895
710176 62495488 10 4096 16337.092492
1097344 96566272 10 4096 15510.544434
1695552 149208576 10 4096 15147.581756
2619840 230545920 10 4096 14189.744861
4048032 356226816 10 4096 14609.490585
6254784 550420992 10 4096 14328.855563
9664480 850474240 10 4096 14441.015755
14932928 1314097664 10 4096 14071.381841
23073408 2030459904 10 4096 13854.598203
35651584 3137339392 10 4096 13782.560912
