9 16, 34.099464
9 16, 35.444035
9 32, 54.774883
9 48, 80.010306
9 96, 149.046955
9 144, 243.810671
9 240, 371.190152
9 384, 587.190754
9 608, 924.256996
9 976, 1506.903646
9 1536, 2304.190972
9 2432, 3823.956216
9 3840, 5125.138110
9 6064, 7825.338146
9 9568, 8737.589164
9 15120, 10510.732773
9 23872, 11911.923195
9 37696, 13362.991940
9 59536, 14227.727953
9 94016, 12048.071827
9 148448, 10743.198803
9 234400, 10892.186970
9 370112, 10993.386383
9 584400, 10773.019530
9 922752, 4967.523580
9 1457008, 2162.596508
9 2300560, 2027.136308
9 3632528, 2038.724098
9 5735664, 2004.065755
9 9056432, 2064.527171
9 14299840, 2006.976854
9 22579008, 2040.602702
9 35651584, 1948.678912
