1 16, 663.163197
1 16, 659.040728
1 32, 1103.328022
1 48, 1522.720999
1 96, 2331.017099
1 144, 2993.438063
1 240, 3736.128991
1 384, 4291.900218
1 608, 4694.478095
1 976, 3056.016781
1 1536, 1673.772517
1 2432, 2056.480096
1 3840, 1847.766663
1 6064, 1907.598567
1 9568, 1648.513481
1 15120, 1328.773581
1 23872, 1271.393457
1 37696, 1273.341058
1 59536, 1271.771170
1 94016, 1267.575384
1 148448, 1259.637359
1 234400, 1264.830202
1 370112, 1089.892380
1 584400, 1244.819270
1 922752, 898.977638
1 1457008, 598.072661
1 2300560, 620.882285
1 3632528, 616.862552
1 5735664, 585.503190
1 9056432, 618.159359
1 14299840, 616.578997
1 22579008, 586.875528
1 35651584, 539.023888
