10 16, 35.467402
10 16, 34.653071
10 32, 53.639783
10 48, 76.334543
10 96, 144.159055
10 144, 227.103721
10 240, 386.702644
10 384, 602.778331
10 608, 906.196635
10 976, 1471.178698
10 1536, 2102.473720
10 2432, 3518.728893
10 3840, 5080.745183
10 6064, 7870.527316
10 9568, 10072.408688
10 15120, 11119.385709
10 23872, 12584.161926
10 37696, 14378.604546
10 59536, 15718.291919
10 94016, 14278.172611
10 148448, 12089.762291
10 234400, 11979.566824
10 370112, 12147.083224
10 584400, 11888.732313
10 922752, 5330.306733
10 1457008, 2230.732219
10 2300560, 2089.118796
10 3632528, 2063.662936
10 5735664, 1976.484308
10 9056432, 2073.062072
10 14299840, 2072.289143
10 22579008, 2038.401106
10 35651584, 1963.207402
