6 16, 38.092259
6 16, 37.639684
6 32, 69.825917
6 48, 104.635256
6 96, 216.989691
6 144, 302.367062
6 240, 520.807592
6 384, 853.542471
6 608, 1238.805989
6 976, 1903.605523
6 1536, 2764.070534
6 2432, 4520.876036
6 3840, 5928.867834
6 6064, 6665.612133
6 9568, 7698.153530
6 15120, 8993.415214
6 23872, 9374.121992
6 37696, 9591.219799
6 59536, 8465.219203
6 94016, 7306.303434
6 148448, 7340.943613
6 234400, 7426.707517
6 370112, 7402.235340
6 584400, 7311.338606
6 922752, 4337.688321
6 1457008, 2007.296072
6 2300560, 2017.869709
6 3632528, 2032.608708
6 5735664, 1862.699899
6 9056432, 2024.533108
6 14299840, 2042.617085
6 22579008, 2001.285863
6 35651584, 1893.075765
