4 16, 48.474473
4 16, 45.476588
4 32, 93.354609
4 48, 131.254442
4 96, 307.008684
4 144, 382.921178
4 240, 641.409956
4 384, 1219.030593
4 608, 1748.968727
4 976, 2401.470141
4 1536, 3368.436520
4 2432, 5228.429462
4 3840, 5322.216067
4 6064, 5594.962524
4 9568, 6386.781256
4 15120, 6814.696560
4 23872, 6519.728828
4 37696, 5858.240244
4 59536, 5040.139413
4 94016, 4957.954488
4 148448, 4992.633787
4 234400, 5000.610133
4 370112, 4984.897270
4 584400, 4900.627496
4 922752, 3181.281556
4 1457008, 1893.352214
4 2300560, 1829.493318
4 3632528, 1811.469073
4 5735664, 1799.003528
4 9056432, 1839.312727
4 14299840, 1827.688298
4 22579008, 1802.120294
4 35651584, 1675.591790
