3 16, 53.790016
3 16, 55.667952
3 32, 113.420044
3 48, 169.950918
3 96, 336.091130
3 144, 477.684357
3 240, 733.894541
3 384, 1323.691130
3 608, 1762.857978
3 976, 2636.310446
3 1536, 3546.826600
3 2432, 4611.558642
3 3840, 4156.616377
3 6064, 4722.162541
3 9568, 5202.256157
3 15120, 5369.853643
3 23872, 4897.587284
3 37696, 3974.819354
3 59536, 3734.448723
3 94016, 3762.442216
3 148448, 3759.311941
3 234400, 3756.886295
3 370112, 3769.737018
3 584400, 3674.254658
3 922752, 2523.672007
3 1457008, 1606.680416
3 2300560, 1565.937874
3 3632528, 1552.476003
3 5735664, 1498.760405
3 9056432, 1552.778607
3 14299840, 1555.427719
3 22579008, 1530.105845
3 35651584, 1462.763723
