3 , 16, 57.410973
3 , 16, 52.351932
3 , 32, 95.859906
3 , 48, 169.949550
3 , 96, 321.871576
3 , 144, 465.077751
3 , 240, 926.091372
3 , 384, 1221.833376
3 , 608, 1644.060798
3 , 976, 2687.979372
3 , 1536, 3280.301023
3 , 2432, 4778.042332
3 , 3840, 4009.630284
3 , 6064, 4778.724222
3 , 9568, 5133.933157
3 , 15120, 5438.461628
3 , 23872, 4905.576393
3 , 37696, 3912.645917
3 , 59536, 3737.252808
3 , 94016, 3762.030338
3 , 148448, 3769.519203
3 , 234400, 3751.307741
3 , 370112, 3753.722592
3 , 584400, 3686.634717
3 , 922752, 2502.721516
3 , 1457008, 1569.444400
3 , 2300560, 1559.744230
3 , 3632528, 1557.029889
3 , 5735664, 1508.392636
3 , 9056432, 1545.855146
3 , 14299840, 1555.596650
3 , 22579008, 1531.791866
3 , 35651584, 1440.425012
