9 , 16, 35.374688
9 , 16, 36.472811
9 , 32, 41.462060
9 , 48, 79.206024
9 , 96, 159.758797
9 , 144, 242.317725
9 , 240, 363.487435
9 , 384, 622.130306
9 , 608, 969.256611
9 , 976, 1508.653515
9 , 1536, 2185.364726
9 , 2432, 3873.869866
9 , 3840, 5159.206873
9 , 6064, 7685.506863
9 , 9568, 8766.655823
9 , 15120, 10588.050551
9 , 23872, 11982.355563
9 , 37696, 13494.752911
9 , 59536, 14236.416634
9 , 94016, 12380.293270
9 , 148448, 10802.172113
9 , 234400, 10897.993951
9 , 370112, 11001.375058
9 , 584400, 10803.088968
9 , 922752, 4765.883609
9 , 1457008, 2059.544276
9 , 2300560, 1938.755761
9 , 3632528, 2095.883481
9 , 5735664, 1993.182285
9 , 9056432, 2071.299330
9 , 14299840, 2032.201130
9 , 22579008, 2050.028042
9 , 35651584, 1962.476317
