10 , 0, 0.000000
10 , 0, 0.000000
10 , 0, 0.000000
10 , 16, 35.613803
10 , 16, 35.640066
10 , 16, 33.594993
10 , 32, 56.122676
10 , 32, 55.793567
10 , 48, 76.590663
10 , 64, 103.023176
10 , 80, 132.075650
10 , 96, 146.104794
10 , 128, 198.823606
10 , 176, 279.825330
10 , 224, 353.464101
10 , 288, 444.971887
10 , 352, 532.761186
10 , 464, 711.036123
10 , 592, 914.362491
10 , 752, 1106.980804
10 , 944, 1441.149567
10 , 1200, 1903.388893
10 , 1536, 2177.388295
10 , 1952, 2834.414096
10 , 2480, 3778.453301
10 , 3152, 4461.762518
10 , 4016, 5485.347231
10 , 5104, 6974.224457
10 , 6480, 7986.337552
10 , 8224, 9337.157695
10 , 10464, 9396.921247
10 , 13280, 10653.140831
10 , 16880, 11204.659338
10 , 21440, 12077.667345
10 , 27248, 13289.011998
10 , 34608, 14180.838753
10 , 43968, 15037.590534
10 , 55840, 15433.914514
10 , 70944, 15842.031054
10 , 90112, 14541.728085
10 , 114464, 13141.361006
10 , 145408, 12014.613331
10 , 184704, 11956.707328
10 , 234624, 12006.677194
10 , 298032, 12101.628880
10 , 378576, 12189.743037
10 , 480880, 12127.334384
10 , 610848, 11742.544720
10 , 775936, 8905.259576
10 , 985648, 3759.661244
10 , 1252016, 2417.385542
10 , 1590384, 2107.527160
10 , 2020192, 1995.727905
10 , 2566160, 1987.889184
10 , 3259664, 2042.796459
10 , 4140608, 2068.431223
10 , 5259616, 1861.428450
10 , 6681056, 2053.598615
10 , 8486640, 1975.332207
10 , 10780192, 1973.297653
10 , 13693568, 2058.855353
10 , 17394320, 2058.313932
10 , 22095184, 2059.125845
10 , 28066496, 1985.656821
10 , 35651584, 1988.696651
