8 , 0, 0.000000
8 , 0, 0.000000
8 , 0, 0.000000
8 , 16, 38.206756
8 , 16, 39.247160
8 , 16, 37.924247
8 , 32, 59.274661
8 , 32, 60.919518
8 , 48, 85.027756
8 , 64, 118.136152
8 , 80, 134.104365
8 , 96, 169.335554
8 , 128, 232.950849
8 , 176, 303.595258
8 , 224, 379.624068
8 , 288, 490.794825
8 , 352, 593.696070
8 , 464, 789.185026
8 , 592, 996.213387
8 , 752, 1283.505165
8 , 944, 1588.527307
8 , 1200, 2030.001913
8 , 1536, 2467.448207
8 , 1952, 3170.376631
8 , 2480, 4156.893075
8 , 3152, 4791.655469
8 , 4016, 6272.944714
8 , 5104, 6951.323025
8 , 6480, 7722.879707
8 , 8224, 8295.643024
8 , 10464, 8794.331467
8 , 13280, 9508.608577
8 , 16880, 10082.834768
8 , 21440, 11010.399369
8 , 27248, 11652.439055
8 , 34608, 12437.260636
8 , 43968, 12582.697366
8 , 55840, 12730.135223
8 , 70944, 11464.881659
8 , 90112, 10605.289051
8 , 114464, 9638.079058
8 , 145408, 9627.034951
8 , 184704, 9705.727527
8 , 234624, 9766.817729
8 , 298032, 9821.154321
8 , 378576, 9870.509752
8 , 480880, 9802.461210
8 , 610848, 9538.684264
8 , 775936, 7877.285971
8 , 985648, 3867.598113
8 , 1252016, 2389.750053
8 , 1590384, 2053.816088
8 , 2020192, 1980.003070
8 , 2566160, 2075.775965
8 , 3259664, 2000.387253
8 , 4140608, 1947.733830
8 , 5259616, 1970.181351
8 , 6681056, 2032.240948
8 , 8486640, 1901.687456
8 , 10780192, 1995.455593
8 , 13693568, 2047.921664
8 , 17394320, 2059.501433
8 , 22095184, 2056.917831
8 , 28066496, 1942.837138
8 , 35651584, 1918.363809
