1 , 16, 641.674421
1 , 16, 658.453343
1 , 32, 1108.101579
1 , 48, 1459.871876
1 , 96, 2401.861730
1 , 144, 3038.909890
1 , 240, 3643.104236
1 , 384, 4280.700689
1 , 608, 4710.372070
1 , 976, 3002.591917
1 , 1536, 1674.861418
1 , 2432, 2068.532214
1 , 3840, 1901.563294
1 , 6064, 2017.567299
1 , 9568, 1660.694436
1 , 15120, 1326.099177
1 , 23872, 1272.675706
1 , 37696, 1272.587904
1 , 59536, 1271.173714
1 , 94016, 1265.884531
1 , 148448, 1267.780130
1 , 234400, 1266.218996
1 , 370112, 1268.881278
1 , 584400, 1242.566266
1 , 922752, 889.427576
1 , 1457008, 598.698866
1 , 2300560, 614.830632
1 , 3632528, 614.075643
1 , 5735664, 580.466762
1 , 9056432, 617.496132
1 , 14299840, 615.728437
1 , 22579008, 598.080609
1 , 35651584, 546.833671
