2 , 0, 0.000000
2 , 0, 0.000000
2 , 0, 0.000000
2 , 16, 80.011944
2 , 16, 83.491227
2 , 16, 76.992232
2 , 32, 165.731838
2 , 32, 177.438964
2 , 48, 230.923637
2 , 64, 332.238337
2 , 80, 447.287776
2 , 96, 473.513909
2 , 128, 614.724511
2 , 176, 840.977838
2 , 224, 1130.081855
2 , 288, 1258.027455
2 , 352, 1571.129418
2 , 464, 1863.048208
2 , 592, 2481.262696
2 , 752, 2887.288278
2 , 944, 3687.191856
2 , 1200, 4100.538756
2 , 1536, 3136.438591
2 , 1952, 3383.528708
2 , 2480, 3146.442453
2 , 3152, 3284.594116
2 , 4016, 3429.931316
2 , 5104, 3397.655354
2 , 6480, 3422.190016
2 , 8224, 3599.382704
2 , 10464, 3746.611583
2 , 13280, 3678.037446
2 , 16880, 3250.513552
2 , 21440, 2758.175391
2 , 27248, 2508.702971
2 , 34608, 2497.520222
2 , 43968, 2508.587312
2 , 55840, 2516.969100
2 , 70944, 2523.392434
2 , 90112, 2523.579199
2 , 114464, 2520.086665
2 , 145408, 2518.673014
2 , 184704, 2509.129391
2 , 234624, 2522.229095
2 , 298032, 2308.108422
2 , 378576, 2522.473897
2 , 480880, 2505.591244
2 , 610848, 2415.985847
2 , 775936, 2139.718257
2 , 985648, 1509.387907
2 , 1252016, 1178.151844
2 , 1590384, 1067.865283
2 , 2020192, 1098.667235
2 , 2566160, 1101.015794
2 , 3259664, 1073.311138
2 , 4140608, 1111.088227
2 , 5259616, 1031.949149
2 , 6681056, 1114.171173
2 , 8486640, 1062.406999
2 , 10780192, 1046.384879
2 , 13693568, 1102.220481
2 , 17394320, 1098.134946
2 , 22095184, 1111.461271
2 , 28066496, 1071.576869
2 , 35651584, 1028.119678
