7 , 0, 0.000000
7 , 0, 0.000000
7 , 0, 0.000000
7 , 16, 38.667544
7 , 16, 39.541266
7 , 16, 38.622297
7 , 32, 60.827574
7 , 32, 60.202885
7 , 48, 90.991869
7 , 64, 116.863065
7 , 80, 145.078468
7 , 96, 179.294692
7 , 128, 244.835364
7 , 176, 319.517286
7 , 224, 433.542288
7 , 288, 546.790236
7 , 352, 624.173422
7 , 464, 850.486021
7 , 592, 1122.476898
7 , 752, 1369.488423
7 , 944, 1761.535471
7 , 1200, 2176.747869
7 , 1536, 2500.158935
7 , 1952, 3492.580661
7 , 2480, 4099.750022
7 , 3152, 4991.136698
7 , 4016, 6397.798110
7 , 5104, 6748.081897
7 , 6480, 7345.509133
7 , 8224, 7803.217139
7 , 10464, 8634.324853
7 , 13280, 9037.805314
7 , 16880, 9478.761512
7 , 21440, 10262.353597
7 , 27248, 10695.662840
7 , 34608, 10992.448208
7 , 43968, 10976.841514
7 , 55840, 10735.600816
7 , 70944, 9661.812325
7 , 90112, 8513.455959
7 , 114464, 8527.078823
7 , 145408, 8530.738979
7 , 184704, 8583.672411
7 , 234624, 8621.720720
7 , 298032, 8637.085698
7 , 378576, 8663.554299
7 , 480880, 8634.428256
7 , 610848, 8312.742473
7 , 775936, 7133.633889
7 , 985648, 3614.390472
7 , 1252016, 2364.963019
7 , 1590384, 2046.496080
7 , 2020192, 2011.391123
7 , 2566160, 2031.935040
7 , 3259664, 1970.236003
7 , 4140608, 2034.056922
7 , 5259616, 1944.552221
7 , 6681056, 2056.914883
7 , 8486640, 1930.890723
7 , 10780192, 1946.276214
7 , 13693568, 2019.123835
7 , 17394320, 2028.656085
7 , 22095184, 2016.178976
7 , 28066496, 1969.420734
7 , 35651584, 1943.382694
