4 , 16, 48.004306
4 , 16, 48.147248
4 , 32, 104.448986
4 , 48, 134.099049
4 , 96, 308.612735
4 , 144, 421.707541
4 , 240, 635.359982
4 , 384, 1079.031111
4 , 608, 1714.270873
4 , 976, 2412.293751
4 , 1536, 3482.796590
4 , 2432, 5530.074614
4 , 3840, 5089.221043
4 , 6064, 5653.217391
4 , 9568, 5990.885794
4 , 15120, 6844.774552
4 , 23872, 6675.801267
4 , 37696, 5806.034528
4 , 59536, 5007.972012
4 , 94016, 4968.347915
4 , 148448, 4989.644783
4 , 234400, 5005.694808
4 , 370112, 4988.119580
4 , 584400, 4923.651159
4 , 922752, 3209.725791
4 , 1457008, 1875.257477
4 , 2300560, 1824.178369
4 , 3632528, 1844.260603
4 , 5735664, 1804.020328
4 , 9056432, 1829.975426
4 , 14299840, 1827.350712
4 , 22579008, 1814.248861
4 , 35651584, 1656.537632
