5 , 0, 0.000000
5 , 0, 0.000000
5 , 0, 0.000000
5 , 16, 40.096607
5 , 16, 41.849290
5 , 16, 38.166140
5 , 32, 78.163697
5 , 32, 80.634112
5 , 48, 121.060479
5 , 64, 151.423115
5 , 80, 210.025107
5 , 96, 220.323695
5 , 128, 291.109538
5 , 176, 414.776651
5 , 224, 497.848446
5 , 288, 670.318964
5 , 352, 811.897085
5 , 464, 1034.889052
5 , 592, 1371.450299
5 , 752, 1782.939284
5 , 944, 2051.704768
5 , 1200, 2822.372431
5 , 1536, 2878.606863
5 , 1952, 4085.015460
5 , 2480, 5195.664870
5 , 3152, 5967.026027
5 , 4016, 6273.586405
5 , 5104, 6481.160609
5 , 6480, 6033.189957
5 , 8224, 6782.923860
5 , 10464, 7295.959056
5 , 13280, 7711.958855
5 , 16880, 7757.318255
5 , 21440, 7682.718102
5 , 27248, 7852.106590
5 , 34608, 7388.614842
5 , 43968, 7517.972105
5 , 55840, 6740.706694
5 , 70944, 6218.221072
5 , 90112, 6099.649421
5 , 114464, 6140.767960
5 , 145408, 6179.682785
5 , 184704, 6185.544585
5 , 234624, 6195.374272
5 , 298032, 6206.792568
5 , 378576, 6230.301171
5 , 480880, 6159.960372
5 , 610848, 5962.447236
5 , 775936, 5098.719198
5 , 985648, 3173.212685
5 , 1252016, 2163.979460
5 , 1590384, 1967.728641
5 , 2020192, 1963.972703
5 , 2566160, 1951.118755
5 , 3259664, 1939.590479
5 , 4140608, 1960.455270
5 , 5259616, 1823.397235
5 , 6681056, 1959.722617
5 , 8486640, 1892.093871
5 , 10780192, 1883.033584
5 , 13693568, 1947.320024
5 , 17394320, 1964.310388
5 , 22095184, 1961.729033
5 , 28066496, 1886.491319
5 , 35651584, 1821.026382
