6 , 16, 40.735571
6 , 16, 41.553727
6 , 32, 67.394620
6 , 48, 111.454875
6 , 96, 207.523954
6 , 144, 313.936888
6 , 240, 547.092159
6 , 384, 857.381682
6 , 608, 1216.446554
6 , 976, 1878.339180
6 , 1536, 3036.713262
6 , 2432, 4705.117326
6 , 3840, 6392.132021
6 , 6064, 6694.739659
6 , 9568, 7703.102625
6 , 15120, 9036.983623
6 , 23872, 9332.007973
6 , 37696, 9190.846919
6 , 59536, 8620.522562
6 , 94016, 7326.536442
6 , 148448, 7353.601434
6 , 234400, 7419.646751
6 , 370112, 7469.346890
6 , 584400, 7185.451736
6 , 922752, 4114.581577
6 , 1457008, 2084.744209
6 , 2300560, 2024.859821
6 , 3632528, 2020.194313
6 , 5735664, 2005.248129
6 , 9056432, 2026.146190
6 , 14299840, 1984.486382
6 , 22579008, 1992.553921
6 , 35651584, 1925.174291
