3, 16, 3903.526164
3, 16, 3903.580300
3, 32, 4743.337386
3, 48, 5036.126342
3, 96, 5417.069167
3, 144, 5556.596982
3, 240, 5674.494493
3, 384, 5711.111315
3, 608, 5653.207300
3, 976, 5337.547913
3, 1536, 1771.724023
3, 2432, 2113.085326
3, 3840, 1989.976250
3, 6064, 1987.994256
3, 9568, 1610.144038
3, 15120, 1335.176668
3, 23872, 1277.581881
3, 37696, 1278.284866
3, 59536, 1278.251041
3, 94016, 1261.232746
3, 148448, 1264.303302
3, 234400, 1266.518471
3, 370112, 1271.666663
3, 584400, 1244.345314
3, 922752, 891.426534
3, 1457008, 604.967358
3, 2300560, 618.144055
3, 3632528, 618.443932
3, 5735664, 579.488002
3, 9056432, 619.809767
3, 14299840, 618.478457
3, 22579008, 601.710551
3, 35651584, 550.268656
