1, 16, 3903.465264
1, 16, 3903.580300
1, 32, 4743.637155
1, 48, 5022.960331
1, 96, 5404.120681
1, 144, 5545.576477
1, 240, 5662.492993
1, 384, 5699.999022
1, 608, 5639.448709
1, 976, 5331.925638
1, 1536, 1774.162225
1, 2432, 2176.658802
1, 3840, 1983.950610
1, 6064, 1951.341854
1, 9568, 1734.430747
1, 15120, 1292.284994
1, 23872, 1277.432653
1, 37696, 1276.551305
1, 59536, 1275.254836
1, 94016, 1270.738693
1, 148448, 1264.975557
1, 234400, 1267.997212
1, 370112, 1270.063371
1, 584400, 1235.233125
1, 922752, 901.992633
1, 1457008, 598.387431
1, 2300560, 619.121966
1, 3632528, 618.226707
1, 5735664, 583.834474
1, 9056432, 618.845434
1, 14299840, 617.670355
1, 22579008, 597.533435
1, 35651584, 548.245116
