9, 16, 3903.546465
9, 16, 3903.269042
9, 32, 4743.007683
9, 48, 5024.028714
9, 96, 5036.058763
9, 144, 5558.742913
9, 240, 5528.432418
9, 384, 5708.688559
9, 608, 5649.838954
9, 976, 5727.417721
9, 1536, 1775.788935
9, 2432, 2120.279963
9, 3840, 2015.214685
9, 6064, 1947.670927
9, 9568, 1647.569591
9, 15120, 1330.829513
9, 23872, 1278.023799
9, 37696, 1278.370659
9, 59536, 1277.393774
9, 94016, 1261.232746
9, 148448, 1271.471343
9, 234400, 1270.690760
9, 370112, 1271.522222
9, 584400, 1229.750054
9, 922752, 888.282508
9, 1457008, 616.380613
9, 2300560, 618.788212
9, 3632528, 616.567674
9, 5735664, 586.363906
9, 9056432, 618.942489
9, 14299840, 613.457326
9, 22579008, 596.263711
9, 35651584, 550.688137
