6 , 16, 41.037751
6 , 16, 38.828591
6 , 32, 69.818297
6 , 48, 108.652315
6 , 96, 216.049002
6 , 144, 316.153503
6 , 240, 517.699434
6 , 384, 851.145576
6 , 608, 1240.571550
6 , 976, 1843.518790
6 , 1536, 2768.706183
6 , 2432, 4476.787909
6 , 3840, 6003.330955
6 , 6064, 6811.627032
6 , 9568, 7709.029608
6 , 15120, 8968.613073
6 , 23872, 9434.896202
6 , 37696, 9585.097925
6 , 59536, 8638.761237
6 , 94016, 7350.024488
6 , 148448, 7361.338213
6 , 234400, 7417.692364
6 , 370112, 7451.734635
6 , 584400, 7255.186383
6 , 922752, 4350.879095
6 , 1457008, 2020.715969
6 , 2300560, 1995.985328
6 , 3632528, 2031.329938
6 , 5735664, 1938.592772
6 , 9056432, 2050.274138
6 , 14299840, 2020.124531
6 , 22579008, 1989.294485
6 , 35651584, 1896.737664
