5 , 16, 42.513330
5 , 16, 38.147353
5 , 32, 76.147914
5 , 48, 110.471530
5 , 96, 220.598129
5 , 144, 324.162412
5 , 240, 558.307219
5 , 384, 866.435867
5 , 608, 1313.646871
5 , 976, 2061.763861
5 , 1536, 3096.239193
5 , 2432, 4965.529797
5 , 3840, 6076.870649
5 , 6064, 6284.202694
5 , 9568, 7110.327189
5 , 15120, 8003.423769
5 , 23872, 8135.261177
5 , 37696, 8009.056997
5 , 59536, 6559.644010
5 , 94016, 6146.192764
5 , 148448, 6195.293185
5 , 234400, 6219.370175
5 , 370112, 6231.527074
5 , 584400, 6007.838710
5 , 922752, 3794.159841
5 , 1457008, 1911.005551
5 , 2300560, 1938.564053
5 , 3632528, 1971.052354
5 , 5735664, 1881.228327
5 , 9056432, 1973.736838
5 , 14299840, 1963.924176
5 , 22579008, 1937.872502
5 , 35651584, 1823.680341
