10 , 16, 34.306737
10 , 16, 35.643460
10 , 32, 54.162968
10 , 48, 76.236957
10 , 96, 150.849860
10 , 144, 226.338513
10 , 240, 389.317905
10 , 384, 610.043700
10 , 608, 921.766792
10 , 976, 1267.451556
10 , 1536, 2212.065223
10 , 2432, 3514.210908
10 , 3840, 5350.299505
10 , 6064, 8166.417021
10 , 9568, 9979.365402
10 , 15120, 11046.623351
10 , 23872, 12671.621974
10 , 37696, 14558.239124
10 , 59536, 15707.912029
10 , 94016, 13750.389107
10 , 148448, 11997.089166
10 , 234400, 11996.339805
10 , 370112, 12153.979172
10 , 584400, 12027.451993
10 , 922752, 5071.590932
10 , 1457008, 2217.905176
10 , 2300560, 2083.237746
10 , 3632528, 2070.591067
10 , 5735664, 2004.284898
10 , 9056432, 2068.711881
10 , 14299840, 2077.461656
10 , 22579008, 2031.892843
10 , 35651584, 1943.477411
