3 , 16, 61.417189
3 , 16, 51.476468
3 , 32, 99.945239
3 , 48, 197.619493
3 , 96, 341.231424
3 , 144, 464.828568
3 , 240, 789.604875
3 , 384, 1199.107839
3 , 608, 1651.950503
3 , 976, 2783.728987
3 , 1536, 3432.914721
3 , 2432, 4576.570393
3 , 3840, 4079.993980
3 , 6064, 4782.803492
3 , 9568, 5190.111307
3 , 15120, 5386.193599
3 , 23872, 4748.204301
3 , 37696, 3943.175449
3 , 59536, 3729.961406
3 , 94016, 3766.082927
3 , 148448, 3767.397629
3 , 234400, 3737.111007
3 , 370112, 3777.593585
3 , 584400, 3676.057370
3 , 922752, 2509.195932
3 , 1457008, 1575.304274
3 , 2300560, 1562.058133
3 , 3632528, 1540.898893
3 , 5735664, 1507.834247
3 , 9056432, 1546.901735
3 , 14299840, 1553.981957
3 , 22579008, 1528.306370
3 , 35651584, 1459.022566
