7 16, 40.948724
7 16, 41.239290
7 32, 61.502753
7 48, 90.734846
7 96, 176.217612
7 144, 269.978915
7 240, 447.360571
7 384, 739.861749
7 608, 1152.899602
7 976, 1811.242844
7 1536, 2560.997589
7 2432, 3911.851038
7 3840, 5679.173371
7 6064, 7470.251499
7 9568, 8168.460229
7 15120, 9622.954279
7 23872, 10357.965994
7 37696, 11163.228048
7 59536, 10646.854547
7 94016, 8547.669469
7 148448, 7969.479816
7 234400, 8611.242273
7 370112, 8671.906167
7 584400, 8494.265097
7 922752, 4701.593770
7 1457008, 2088.805314
7 2300560, 2067.555242
7 3632528, 1961.323246
7 5735664, 2008.342462
7 9056432, 1993.848401
7 14299840, 2053.469863
7 22579008, 2025.580339
7 35651584, 1947.295887
