8 16, 39.390577
8 16, 39.950372
8 32, 58.422994
8 48, 83.427217
8 96, 165.666029
8 144, 256.222589
8 240, 409.264641
8 384, 707.595729
8 608, 1032.470659
8 976, 1604.725619
8 1536, 2513.360181
8 2432, 4274.938136
8 3840, 5575.491606
8 6064, 8054.115592
8 9568, 8441.791865
8 15120, 10232.447062
8 23872, 11389.769501
8 37696, 12497.826021
8 59536, 12436.889706
8 94016, 9871.879211
8 148448, 9650.313201
8 234400, 9786.922380
8 370112, 9837.237833
8 584400, 9652.112957
8 922752, 4859.208222
8 1457008, 2186.058288
8 2300560, 2070.872804
8 3632528, 2048.459107
8 5735664, 2008.397477
8 9056432, 2062.044050
8 14299840, 2039.825313
8 22579008, 2018.526836
8 35651584, 1907.519858
