2 16, 78.774451
2 16, 85.587586
2 32, 175.493875
2 48, 231.771946
2 96, 486.305598
2 144, 760.208067
2 240, 1099.752199
2 384, 1610.471436
2 608, 2438.773103
2 976, 3709.084133
2 1536, 3076.694401
2 2432, 3050.756272
2 3840, 3050.716594
2 6064, 3636.184341
2 9568, 3732.521669
2 15120, 2823.105922
2 23872, 2770.476805
2 37696, 2503.551135
2 59536, 2513.872821
2 94016, 2518.453706
2 148448, 2510.648967
2 234400, 2514.079063
2 370112, 2522.564009
2 584400, 2471.833552
2 922752, 1746.267785
2 1457008, 1144.645004
2 2300560, 1130.295925
2 3632528, 1125.580406
2 5735664, 1097.886012
2 9056432, 1132.885219
2 14299840, 1134.301176
2 22579008, 1098.374514
2 35651584, 1046.084405
