"array size: 35651584 [n]"
1 35651584, 549.818477
2 35651584, 1040.246273
3 35651584, 1444.994028
4 35651584, 1692.956774
5 35651584, 1866.891576
6 35651584, 1915.813847
7 35651584, 1953.525438
8 35651584, 1935.205636
9 35651584, 1952.801545
10 35651584, 1985.939932
11 35651584, 2182.880374
12 35651584, 2367.676697
13 35651584, 2604.632529
14 35651584, 2771.315108
15 35651584, 2972.668405
16 35651584, 3144.347690
17 35651584, 3216.692528
18 35651584, 3594.773277
19 35651584, 3773.051609
20 35651584, 3705.528240
