5 16, 40.811361
5 16, 39.694725
5 32, 76.059517
5 48, 108.157328
5 96, 232.908828
5 144, 330.110011
5 240, 644.210493
5 384, 861.143164
5 608, 1334.667801
5 976, 2170.943349
5 1536, 2909.512592
5 2432, 4982.062197
5 3840, 6019.267146
5 6064, 6334.689919
5 9568, 7102.435360
5 15120, 8093.649861
5 23872, 7855.412625
5 37696, 7998.583956
5 59536, 6508.045442
5 94016, 6138.542769
5 148448, 6200.256052
5 234400, 6215.741453
5 370112, 6238.031825
5 584400, 6127.451795
5 922752, 3831.701010
5 1457008, 2013.050731
5 2300560, 1980.069105
5 3632528, 1971.235647
5 5735664, 1959.664620
5 9056432, 1961.620324
5 14299840, 1994.363881
5 22579008, 1962.367112
5 35651584, 1843.044610
