7, 16, 1432.029054
7, 16, 1433.956859
7, 32, 1209.877504
7, 48, 1283.601472
7, 96, 1366.936350
7, 144, 1397.027566
7, 240, 1422.385795
7, 384, 1436.734554
7, 608, 1445.943525
7, 976, 1451.496572
7, 1536, 1451.765019
7, 2432, 1457.713569
7, 3840, 1458.709799
7, 6064, 1451.735634
7, 9568, 1410.262195
7, 15120, 1230.018548
7, 23872, 1153.416047
7, 37696, 1155.924264
7, 59536, 1155.306635
7, 94016, 1134.384890
7, 148448, 1134.654361
7, 234400, 1133.565961
7, 370112, 1142.671946
7, 584400, 1119.488763
7, 922752, 880.383268
7, 1457008, 606.187230
7, 2300560, 619.977224
7, 3632528, 619.624470
7, 5735664, 596.188028
7, 9056432, 620.494445
7, 14299840, 624.289945
7, 22579008, 604.144170
7, 35651584, 558.551981
