9 , 0, 0.000000
9 , 0, 0.000000
9 , 0, 0.000000
9 , 16, 34.257434
9 , 16, 34.505105
9 , 16, 33.987010
9 , 32, 54.207863
9 , 32, 55.993437
9 , 48, 82.100590
9 , 64, 105.751824
9 , 80, 123.090453
9 , 96, 153.671283
9 , 128, 206.784134
9 , 176, 281.887455
9 , 224, 350.951802
9 , 288, 506.303381
9 , 352, 606.835407
9 , 464, 724.948944
9 , 592, 926.531882
9 , 752, 1192.962470
9 , 944, 1429.931939
9 , 1200, 1945.025604
9 , 1536, 2336.227978
9 , 1952, 2933.886731
9 , 2480, 3665.767971
9 , 3152, 4627.556890
9 , 4016, 5908.394590
9 , 5104, 6383.079043
9 , 6480, 7773.995029
9 , 8224, 8763.715017
9 , 10464, 8965.701055
9 , 13280, 9917.149059
9 , 16880, 10641.085839
9 , 21440, 11664.959146
9 , 27248, 12368.997398
9 , 34608, 13224.587265
9 , 43968, 13945.040376
9 , 55840, 13877.626559
9 , 70944, 12883.318577
9 , 90112, 12639.715643
9 , 114464, 10989.094856
9 , 145408, 10762.481823
9 , 184704, 10823.592711
9 , 234624, 10891.416093
9 , 298032, 10956.576797
9 , 378576, 11028.470631
9 , 480880, 11065.763381
9 , 610848, 10759.488606
9 , 775936, 8918.605412
9 , 985648, 3954.516681
9 , 1252016, 2438.273227
9 , 1590384, 2162.281503
9 , 2020192, 2049.901381
9 , 2566160, 2092.727098
9 , 3259664, 2059.960431
9 , 4140608, 2071.048183
9 , 5259616, 2000.577302
9 , 6681056, 2081.286761
9 , 8486640, 1987.270144
9 , 10780192, 1913.990864
9 , 13693568, 2024.216309
9 , 17394320, 2040.839151
9 , 22095184, 2075.383573
9 , 28066496, 1978.219920
9 , 35651584, 1958.299954
