3, 16, 4598.935562
3, 16, 4579.556146
3, 32, 4726.977685
3, 48, 0.000000
3, 96, 0.000000
3, 144, 0.000000
3, 240, 4568.588098
3, 384, 4644.290673
3, 608, 4288.939557
3, 976, 4712.437555
3, 1536, 4942.890810
3, 2432, 4936.425407
3, 3840, 0.000000
3, 6064, 0.000000
3, 9568, 0.000000
3, 15120, 4378.955193
3, 23872, 4374.590263
3, 37696, 4361.782254
3, 59536, 4376.274516
3, 94016, 4351.668215
3, 148448, 4258.300099
3, 234400, 0.000000
3, 370112, 3714.505551
3, 584400, 0.000000
3, 922752, 0.000000
3, 1457008, 0.000000
3, 2300560, 1418.062120
3, 3632528, 0.000000
3, 5735664, 1374.368525
3, 9056432, 0.000000
3, 14299840, 0.000000
3, 22579008, 1402.457528
3, 35651584, 1401.577300
