1, 16, 1225.474622
1, 16, 1225.832199
1, 32, 2912.048591
1, 48, 3336.177653
1, 96, 3963.552401
1, 144, 4212.351994
1, 240, 3924.586081
1, 384, 4598.356425
1, 608, 4489.234078
1, 976, 4580.086165
1, 1536, 2312.742110
1, 2432, 2438.457303
1, 3840, 2328.312509
1, 6064, 2273.658030
1, 9568, 1741.830591
1, 15120, 1256.797509
1, 23872, 1212.998535
1, 37696, 1213.218412
1, 59536, 1212.530842
1, 94016, 1205.423105
1, 148448, 1205.124032
1, 234400, 1206.093041
1, 370112, 1205.868248
1, 584400, 1143.071330
1, 922752, 850.823360
1, 1457008, 645.921555
1, 2300560, 629.611450
1, 3632528, 627.986212
1, 5735664, 632.050824
1, 9056432, 633.864325
1, 14299840, 637.975978
1, 22579008, 640.179701
1, 35651584, 636.295513
