6, 16, 1221.751173
6, 16, 1229.414117
6, 32, 2911.702170
6, 48, 3098.573979
6, 96, 3962.185473
6, 144, 4046.764841
6, 240, 3923.484690
6, 384, 4497.638757
6, 608, 4481.567299
6, 976, 4348.942671
6, 1536, 2304.892238
6, 2432, 2408.152268
6, 3840, 2297.174836
6, 6064, 2131.103470
6, 9568, 1628.900062
6, 15120, 1221.096676
6, 23872, 1212.560998
6, 37696, 1213.657223
6, 59536, 1213.037028
6, 94016, 1203.043827
6, 148448, 1201.893581
6, 234400, 1204.095140
6, 370112, 1202.211189
6, 584400, 1145.163668
6, 922752, 849.599137
6, 1457008, 643.314347
6, 2300560, 624.865296
6, 3632528, 627.417280
6, 5735664, 631.737544
6, 9056432, 633.982020
6, 14299840, 634.909914
6, 22579008, 634.799670
6, 35651584, 775.182024
