10, 16, 1433.973296
10, 16, 1433.421952
10, 32, 1213.586377
10, 48, 1285.340383
10, 96, 1368.748793
10, 144, 1399.086076
10, 240, 1423.519493
10, 384, 1436.908135
10, 608, 1445.565194
10, 976, 1451.818622
10, 1536, 1451.443116
10, 2432, 1457.526054
10, 3840, 1458.568700
10, 6064, 1453.307689
10, 9568, 1375.951285
10, 15120, 1217.351227
10, 23872, 1153.722675
10, 37696, 1153.172319
10, 59536, 1151.975587
10, 94016, 1132.776230
10, 148448, 1133.123807
10, 234400, 1133.949001
10, 370112, 1150.219126
10, 584400, 1110.103213
10, 922752, 878.812142
10, 1457008, 610.548691
10, 2300560, 622.619999
10, 3632528, 620.186450
10, 5735664, 593.132448
10, 9056432, 623.372367
10, 14299840, 621.728900
10, 22579008, 604.043982
10, 35651584, 564.245727
