5, 16, 1431.411867
5, 16, 1432.090984
5, 32, 1214.146503
5, 48, 1283.619033
5, 96, 1366.982820
5, 144, 1397.181667
5, 240, 1422.383878
5, 384, 1436.497476
5, 608, 1445.931015
5, 976, 1451.844156
5, 1536, 1451.318385
5, 2432, 1459.594568
5, 3840, 1460.489983
5, 6064, 1459.959944
5, 9568, 1395.974024
5, 15120, 1233.611020
5, 23872, 1154.710180
5, 37696, 1153.905848
5, 59536, 1152.544145
5, 94016, 1135.247583
5, 148448, 1133.944025
5, 234400, 1136.173183
5, 370112, 1144.452206
5, 584400, 1123.296418
5, 922752, 882.626270
5, 1457008, 611.577865
5, 2300560, 619.236195
5, 3632528, 624.035602
5, 5735664, 587.490663
5, 9056432, 626.266784
5, 14299840, 620.148307
5, 22579008, 610.936314
5, 35651584, 560.608325
