8 , 0, 0.000000
8 , 0, 0.000000
8 , 0, 0.000000
8 , 16, 39.456129
8 , 16, 38.778691
8 , 16, 38.977939
8 , 32, 60.496346
8 , 32, 59.740340
8 , 48, 85.855049
8 , 64, 117.326411
8 , 80, 136.654471
8 , 96, 160.453111
8 , 128, 231.551920
8 , 176, 315.870649
8 , 224, 377.141858
8 , 288, 483.561603
8 , 352, 598.075932
8 , 464, 776.246701
8 , 592, 998.488844
8 , 752, 1301.822044
8 , 944, 1670.237414
8 , 1200, 2023.746566
8 , 1536, 2659.723358
8 , 1952, 3119.127526
8 , 2480, 4089.481909
8 , 3152, 4790.099102
8 , 4016, 6401.851552
8 , 5104, 7071.562761
8 , 6480, 7752.340824
8 , 8224, 8181.686564
8 , 10464, 8614.155215
8 , 13280, 9578.293389
8 , 16880, 10231.939660
8 , 21440, 11006.697952
8 , 27248, 11720.892819
8 , 34608, 12329.549138
8 , 43968, 12412.504095
8 , 55840, 12471.891915
8 , 70944, 11538.770908
8 , 90112, 10790.232147
8 , 114464, 9745.417066
8 , 145408, 9691.498785
8 , 184704, 9732.638597
8 , 234624, 9800.872242
8 , 298032, 9839.745198
8 , 378576, 9882.523181
8 , 480880, 9841.040981
8 , 610848, 9567.189773
8 , 775936, 8142.013464
8 , 985648, 3823.956126
8 , 1252016, 2435.733014
8 , 1590384, 1988.835412
8 , 2020192, 2020.383595
8 , 2566160, 2031.836148
8 , 3259664, 2060.547399
8 , 4140608, 1984.403085
8 , 5259616, 1953.849694
8 , 6681056, 2039.024681
8 , 8486640, 1890.790439
8 , 10780192, 1958.810327
8 , 13693568, 2068.885865
8 , 17394320, 2048.018245
8 , 22095184, 2046.572487
8 , 28066496, 1971.271678
8 , 35651584, 1918.880772
