4, 16, 1223.665919
4, 16, 1222.682568
4, 32, 2911.464995
4, 48, 3310.204648
4, 96, 3821.584391
4, 144, 4213.851456
4, 240, 3924.768491
4, 384, 4331.072787
4, 608, 4428.301717
4, 976, 4592.621190
4, 1536, 2271.064497
4, 2432, 2435.255007
4, 3840, 2279.203744
4, 6064, 2262.990043
4, 9568, 1648.201485
4, 15120, 1279.523685
4, 23872, 1213.072087
4, 37696, 1213.418452
4, 59536, 1212.435979
4, 94016, 1206.752403
4, 148448, 1203.027488
4, 234400, 1204.995900
4, 370112, 1201.800362
4, 584400, 1132.334925
4, 922752, 848.544090
4, 1457008, 641.254409
4, 2300560, 627.849866
4, 3632528, 627.054962
4, 5735664, 631.246466
4, 9056432, 634.826999
4, 14299840, 636.092486
4, 22579008, 637.883562
4, 35651584, 635.903158
