2 , 0, 0.000000
2 , 0, 0.000000
2 , 0, 0.000000
2 , 16, 91.505154
2 , 16, 84.854308
2 , 16, 79.870997
2 , 32, 182.059307
2 , 32, 181.349656
2 , 48, 257.989347
2 , 64, 321.297927
2 , 80, 425.059856
2 , 96, 463.989117
2 , 128, 617.814338
2 , 176, 862.308263
2 , 224, 1041.805377
2 , 288, 1299.552460
2 , 352, 1302.964764
2 , 464, 2043.767407
2 , 592, 2534.773732
2 , 752, 2998.872907
2 , 944, 3317.879810
2 , 1200, 3971.733840
2 , 1536, 3039.325531
2 , 1952, 3388.619742
2 , 2480, 3176.668651
2 , 3152, 3313.251100
2 , 4016, 3453.203309
2 , 5104, 3407.607706
2 , 6480, 3429.734948
2 , 8224, 3602.675328
2 , 10464, 3653.382198
2 , 13280, 3504.089861
2 , 16880, 3241.674982
2 , 21440, 2942.107359
2 , 27248, 2543.274846
2 , 34608, 2508.658787
2 , 43968, 2510.008567
2 , 55840, 2516.358402
2 , 70944, 2520.464962
2 , 90112, 2524.546286
2 , 114464, 2524.266165
2 , 145408, 2192.188106
2 , 184704, 2503.270353
2 , 234624, 2515.021350
2 , 298032, 2519.982465
2 , 378576, 2527.245362
2 , 480880, 2516.447078
2 , 610848, 2422.969677
2 , 775936, 2146.261063
2 , 985648, 1545.063595
2 , 1252016, 1192.930440
2 , 1590384, 1086.681831
2 , 2020192, 1111.236439
2 , 2566160, 1120.051267
2 , 3259664, 1099.502518
2 , 4140608, 1147.928123
2 , 5259616, 1048.842168
2 , 6681056, 1135.782465
2 , 8486640, 1072.603327
2 , 10780192, 1054.027366
2 , 13693568, 1121.860628
2 , 17394320, 1120.748209
2 , 22095184, 1130.362728
2 , 28066496, 1079.969876
2 , 35651584, 1037.431642
