6, 16, 1649.829737
6, 16, 1664.736978
6, 32, 1703.315265
6, 48, 1729.804717
6, 96, 1277.509641
6, 144, 1293.751846
6, 240, 1302.221376
6, 384, 1283.332265
6, 608, 1318.473673
6, 976, 1300.638911
6, 1536, 1271.651517
6, 2432, 1285.674307
6, 3840, 1241.042142
6, 6064, 1045.387320
6, 9568, 1118.602697
6, 15120, 1035.462002
6, 23872, 1083.454427
6, 37696, 1068.658425
6, 59536, 1053.489889
6, 94016, 1085.475083
6, 148448, 1037.078560
6, 234400, 648.854341
6, 370112, 586.058829
6, 584400, 466.328026
6, 922752, 477.351940
6, 1457008, 515.407169
6, 2300560, 434.406213
6, 3632528, 478.511529
6, 5735664, 421.864131
6, 9056432, 492.307868
6, 14299840, 436.555949
6, 22579008, 401.169254
6, 35651584, 499.555951
