8, 16, 1663.674309
8, 16, 1649.220735
8, 32, 1697.572838
8, 48, 1716.453871
8, 96, 1269.189736
8, 144, 1287.790644
8, 240, 1303.348553
8, 384, 1307.578326
8, 608, 1319.608422
8, 976, 1320.672923
8, 1536, 1323.185031
8, 2432, 1316.326648
8, 3840, 1274.554417
8, 6064, 1126.165195
8, 9568, 1200.403757
8, 15120, 941.193857
8, 23872, 1033.400327
8, 37696, 1018.581922
8, 59536, 926.040228
8, 94016, 944.743481
8, 148448, 669.698022
8, 234400, 785.969392
8, 370112, 621.877713
8, 584400, 466.816487
8, 922752, 489.020897
8, 1457008, 337.135814
8, 2300560, 519.838811
8, 3632528, 499.848938
8, 5735664, 458.077045
8, 9056432, 453.979494
8, 14299840, 539.021595
8, 22579008, 329.685760
8, 35651584, 462.439715
