10, 16, 1663.219646
10, 16, 1659.784543
10, 32, 1628.847201
10, 48, 1732.615734
10, 96, 1281.958725
10, 144, 1243.154212
10, 240, 1242.280742
10, 384, 1305.348820
10, 608, 1307.976900
10, 976, 1314.787947
10, 1536, 1212.066524
10, 2432, 1320.724251
10, 3840, 1316.238528
10, 6064, 1233.459103
10, 9568, 1250.557187
10, 15120, 1170.539203
10, 23872, 1115.429676
10, 37696, 1113.206525
10, 59536, 1093.217328
10, 94016, 1089.146571
10, 148448, 1068.458837
10, 234400, 1057.027353
10, 370112, 870.707280
10, 584400, 608.136520
10, 922752, 573.805832
10, 1457008, 557.386605
10, 2300560, 573.214850
10, 3632528, 579.749544
10, 5735664, 566.013222
10, 9056432, 583.905002
10, 14299840, 580.041402
10, 22579008, 584.018202
10, 35651584, 579.606620
