1, 16, 1658.371480
1, 16, 1663.993951
1, 32, 1715.285846
1, 48, 1732.868178
1, 96, 1283.265955
1, 144, 1297.430613
1, 240, 1309.028449
1, 384, 1315.670460
1, 608, 1311.713676
1, 976, 1322.419205
1, 1536, 1323.516856
1, 2432, 1313.582339
1, 3840, 1323.877074
1, 6064, 1310.393330
1, 9568, 1246.200704
1, 15120, 1168.772203
1, 23872, 1112.004537
1, 37696, 1115.369186
1, 59536, 1099.655845
1, 94016, 1074.480404
1, 148448, 1090.192235
1, 234400, 1085.275188
1, 370112, 911.186165
1, 584400, 621.866827
1, 922752, 575.911076
1, 1457008, 556.893751
1, 2300560, 584.088287
1, 3632528, 576.460638
1, 5735664, 573.655848
1, 9056432, 579.550851
1, 14299840, 584.576840
1, 22579008, 583.858877
1, 35651584, 579.856101
