3, 16, 1656.763325
3, 16, 1652.876653
3, 32, 1698.077212
3, 48, 1717.668909
3, 96, 1277.745475
3, 144, 1296.973608
3, 240, 1309.239526
3, 384, 1315.611015
3, 608, 1319.858537
3, 976, 1321.969581
3, 1536, 1322.760123
3, 2432, 1308.857843
3, 3840, 1305.579704
3, 6064, 1324.605428
3, 9568, 1245.438253
3, 15120, 1179.725469
3, 23872, 1110.950246
3, 37696, 1100.471972
3, 59536, 1075.295092
3, 94016, 1078.326800
3, 148448, 1092.761429
3, 234400, 1068.976124
3, 370112, 874.122059
3, 584400, 617.315194
3, 922752, 576.500847
3, 1457008, 563.179807
3, 2300560, 577.150204
3, 3632528, 581.512129
3, 5735664, 571.691092
3, 9056432, 587.055544
3, 14299840, 575.634492
3, 22579008, 579.758270
3, 35651584, 579.662791
