4, 16, 1664.746823
4, 16, 1665.086577
4, 32, 1697.357867
4, 48, 1731.233929
4, 96, 1277.760943
4, 144, 1295.069348
4, 240, 1300.008083
4, 384, 1315.076256
4, 608, 1319.269875
4, 976, 1322.036353
4, 1536, 1320.943358
4, 2432, 1304.146855
4, 3840, 1304.895361
4, 6064, 1191.700169
4, 9568, 1250.226661
4, 15120, 1162.399274
4, 23872, 1105.243784
4, 37696, 1105.434806
4, 59536, 1114.569853
4, 94016, 1087.326758
4, 148448, 1092.321473
4, 234400, 1079.329565
4, 370112, 872.182524
4, 584400, 621.981478
4, 922752, 575.971338
4, 1457008, 559.916118
4, 2300560, 572.313893
4, 3632528, 556.548285
4, 5735664, 580.907407
4, 9056432, 580.475240
4, 14299840, 582.846346
4, 22579008, 581.734786
4, 35651584, 560.951120
