2, 16, 1654.557501
2, 16, 1651.351790
2, 32, 1684.606337
2, 48, 1732.736613
2, 96, 1283.232803
2, 144, 1294.315028
2, 240, 1308.627590
2, 384, 1298.244455
2, 608, 1310.592459
2, 976, 1317.422162
2, 1536, 1319.368600
2, 2432, 1321.413461
2, 3840, 1319.592098
2, 6064, 1226.801149
2, 9568, 1205.492125
2, 15120, 1155.730261
2, 23872, 1104.974289
2, 37696, 1115.111834
2, 59536, 1114.684032
2, 94016, 1081.305360
2, 148448, 1088.123277
2, 234400, 1070.139690
2, 370112, 853.730534
2, 584400, 620.542168
2, 922752, 571.031880
2, 1457008, 573.977970
2, 2300560, 574.673206
2, 3632528, 580.142760
2, 5735664, 580.970536
2, 9056432, 566.957279
2, 14299840, 583.416836
2, 22579008, 575.635250
2, 35651584, 569.454328
