7, 16, 1516.224651
7, 16, 1448.615146
7, 32, 1578.967167
7, 48, 1731.187789
7, 96, 1220.826492
7, 144, 1293.152188
7, 240, 1303.091108
7, 384, 1315.276996
7, 608, 1319.420898
7, 976, 1320.632291
7, 1536, 1323.097954
7, 2432, 1324.497584
7, 3840, 1310.453726
7, 6064, 1323.845868
7, 9568, 1252.801771
7, 15120, 1168.154618
7, 23872, 1067.488407
7, 37696, 1117.314681
7, 59536, 1116.706690
7, 94016, 1086.351175
7, 148448, 1083.454362
7, 234400, 1067.065834
7, 370112, 894.699037
7, 584400, 592.735525
7, 922752, 573.573308
7, 1457008, 568.910925
7, 2300560, 572.154821
7, 3632528, 576.249424
7, 5735664, 582.153232
7, 9056432, 572.290571
7, 14299840, 586.071286
7, 22579008, 570.029184
7, 35651584, 579.375312
