6, 16, 3905.083153
6, 16, 3903.438198
6, 32, 4743.767066
6, 48, 5035.022786
6, 96, 5410.552509
6, 144, 5555.378441
6, 240, 5672.230336
6, 384, 5712.038490
6, 608, 5651.247916
6, 976, 5340.243910
6, 1536, 1773.052105
6, 2432, 2165.995388
6, 3840, 2004.685684
6, 6064, 1959.347034
6, 9568, 1627.261317
6, 15120, 1295.027960
6, 23872, 1278.926501
6, 37696, 1278.464034
6, 59536, 1276.985501
6, 94016, 1270.520785
6, 148448, 1271.291342
6, 234400, 1267.140174
6, 370112, 1271.137882
6, 584400, 1233.034040
6, 922752, 884.550515
6, 1457008, 597.681491
6, 2300560, 615.055976
6, 3632528, 618.845846
6, 5735664, 587.983355
6, 9056432, 618.354326
6, 14299840, 616.814404
6, 22579008, 599.416893
6, 35651584, 550.331436
