5, 16, 3903.749482
5, 16, 3905.083153
5, 32, 4746.526873
5, 48, 5035.090336
5, 96, 5414.116939
5, 144, 5556.499479
5, 240, 5552.680057
5, 384, 5712.048150
5, 608, 5648.192077
5, 976, 5346.329859
5, 1536, 1779.557463
5, 2432, 2126.731862
5, 3840, 1984.342230
5, 6064, 1904.238147
5, 9568, 1669.592214
5, 15120, 1305.229629
5, 23872, 1277.681385
5, 37696, 1278.612958
5, 59536, 1277.861377
5, 94016, 1270.544771
5, 148448, 1264.491361
5, 234400, 1267.802401
5, 370112, 1273.906651
5, 584400, 1245.172504
5, 922752, 900.129201
5, 1457008, 598.273014
5, 2300560, 617.558048
5, 3632528, 616.832895
5, 5735664, 583.189617
5, 9056432, 617.885354
5, 14299840, 616.647936
5, 22579008, 598.404668
5, 35651584, 553.273781
