10, 16, 3902.842835
10, 16, 3903.323170
10, 32, 4763.677356
10, 48, 5035.428117
10, 96, 5413.683059
10, 144, 5556.804187
10, 240, 5671.963635
10, 384, 5711.835645
10, 608, 5651.892929
10, 976, 5339.274100
10, 1536, 1777.875182
10, 2432, 2114.177956
10, 3840, 1953.110382
10, 6064, 2017.127823
10, 9568, 1739.982199
10, 15120, 1390.875829
10, 23872, 1278.816833
10, 37696, 1278.337854
10, 59536, 1277.247021
10, 94016, 1270.914673
10, 148448, 1264.774809
10, 234400, 1269.969440
10, 370112, 1271.265969
10, 584400, 1247.792179
10, 922752, 903.931415
10, 1457008, 593.086402
10, 2300560, 619.356678
10, 3632528, 618.148324
10, 5735664, 587.230741
10, 9056432, 619.100110
10, 14299840, 618.391575
10, 22579008, 598.674197
10, 35651584, 547.651784
