8, 16, 3904.940942
8, 16, 3905.110242
8, 32, 4746.206731
8, 48, 5034.985258
8, 96, 5412.919600
8, 144, 5556.450729
8, 240, 5671.171301
8, 384, 5710.628530
8, 608, 5648.896059
8, 976, 5355.534949
8, 1536, 1780.371645
8, 2432, 2129.370428
8, 3840, 2013.315841
8, 6064, 1888.600174
8, 9568, 1679.520578
8, 15120, 1300.645026
8, 23872, 1279.060121
8, 37696, 1278.221791
8, 59536, 1277.398560
8, 94016, 1270.093183
8, 148448, 1264.804917
8, 234400, 1267.575730
8, 370112, 1266.178661
8, 584400, 1236.118853
8, 922752, 901.124695
8, 1457008, 597.073817
8, 2300560, 614.850221
8, 3632528, 620.543241
8, 5735664, 585.391883
8, 9056432, 619.677056
8, 14299840, 618.140628
8, 22579008, 595.364073
8, 35651584, 548.511580
