4, 16, 3903.492330
4, 16, 3903.323170
4, 32, 4744.016917
4, 48, 5034.865174
4, 96, 5406.949493
4, 144, 5552.663017
4, 240, 5671.811246
4, 384, 5709.779027
4, 608, 5649.087000
4, 976, 5328.483872
4, 1536, 1764.243022
4, 2432, 2108.263882
4, 3840, 1970.914535
4, 6064, 1901.483702
4, 9568, 1716.361237
4, 15120, 1381.444771
4, 23872, 1278.199059
4, 37696, 1279.269646
4, 59536, 1278.223884
4, 94016, 1271.298799
4, 148448, 1272.344185
4, 234400, 1267.140174
4, 370112, 1270.524234
4, 584400, 1242.226806
4, 922752, 892.377141
4, 1457008, 599.137256
4, 2300560, 616.477968
4, 3632528, 620.670428
4, 5735664, 584.064810
4, 9056432, 619.110201
4, 14299840, 617.196827
4, 22579008, 599.720564
4, 35651584, 549.831618
