2, 16, 3904.690404
2, 16, 3905.089925
2, 32, 4746.576899
2, 48, 5037.448242
2, 96, 5444.574559
2, 144, 5556.341044
2, 240, 5671.651246
2, 384, 5709.576342
2, 608, 5648.538080
2, 976, 5730.369060
2, 1536, 1778.642867
2, 2432, 2179.991357
2, 3840, 2002.483657
2, 6064, 1991.252597
2, 9568, 1655.818029
2, 15120, 1368.356819
2, 23872, 1277.372972
2, 37696, 1278.878078
2, 59536, 1277.385798
2, 94016, 1261.628779
2, 148448, 1265.206496
2, 234400, 1267.554982
2, 370112, 1269.783363
2, 584400, 1241.619683
2, 922752, 887.747666
2, 1457008, 600.615810
2, 2300560, 613.549078
2, 3632528, 615.741492
2, 5735664, 582.326735
2, 9056432, 616.875649
2, 14299840, 616.651106
2, 22579008, 597.194314
2, 35651584, 550.174513
