7, 16, 3902.957834
7, 16, 3903.580300
7, 32, 4745.816616
7, 48, 5037.260430
7, 96, 5416.113682
7, 144, 5555.890163
7, 240, 5552.519405
7, 384, 5712.647113
7, 608, 5648.538080
7, 976, 5315.004612
7, 1536, 1775.930854
7, 2432, 2166.894062
7, 3840, 2007.709458
7, 6064, 2011.480557
7, 9568, 1790.462474
7, 15120, 1325.752312
7, 23872, 1278.719145
7, 37696, 1278.411036
7, 59536, 1276.891444
7, 94016, 1270.712700
7, 148448, 1271.004966
7, 234400, 1266.972733
7, 370112, 1272.468810
7, 584400, 1242.288288
7, 922752, 895.739725
7, 1457008, 616.022377
7, 2300560, 618.674148
7, 3632528, 621.349900
7, 5735664, 585.074223
7, 9056432, 618.281356
7, 14299840, 617.576545
7, 22579008, 599.075630
7, 35651584, 549.390227
