9, 16, 930.968199
9, 16, 1495.419581
9, 32, 1417.315581
9, 48, 1581.251988
9, 96, 1038.756543
9, 144, 1014.553353
9, 240, 1222.639018
9, 384, 1184.491157
9, 608, 1267.494221
9, 976, 1248.061655
9, 1536, 1282.784444
9, 2432, 1321.993580
9, 3840, 1314.266955
9, 6064, 1306.203719
9, 9568, 1205.147436
9, 15120, 1168.309610
9, 23872, 1107.295350
9, 37696, 1111.427871
9, 59536, 829.460239
9, 94016, 1049.302264
9, 148448, 910.364593
9, 234400, 1050.256669
9, 370112, 837.519618
9, 584400, 584.971942
9, 922752, 556.146601
9, 1457008, 521.494601
9, 2300560, 519.251359
9, 3632528, 493.831188
9, 5735664, 544.254841
9, 9056432, 582.693560
9, 14299840, 585.720016
9, 22579008, 583.124589
9, 35651584, 578.106407
