5, 16, 1216.914132
5, 16, 1662.870829
5, 32, 1702.601775
5, 48, 1730.652029
5, 96, 1270.679426
5, 144, 1286.979391
5, 240, 1304.435770
5, 384, 1311.762688
5, 608, 1305.277455
5, 976, 1314.206679
5, 1536, 1253.160903
5, 2432, 1312.251821
5, 3840, 1319.080885
5, 6064, 1284.106117
5, 9568, 1230.385098
5, 15120, 1188.885633
5, 23872, 1110.711049
5, 37696, 1080.344230
5, 59536, 1107.284341
5, 94016, 1078.578828
5, 148448, 1087.228917
5, 234400, 1036.863286
5, 370112, 906.337982
5, 584400, 608.176600
5, 922752, 570.539962
5, 1457008, 567.515819
5, 2300560, 569.811893
5, 3632528, 578.031189
5, 5735664, 584.075445
5, 9056432, 555.856533
5, 14299840, 578.957985
5, 22579008, 583.094071
5, 35651584, 571.738311
